#### Problem 1 ####
Fett <- c(22.5, 40.1, 8.4, 5.9, 25.5, 42.7, 42.7, 10.6, 19.9, 19.9, 46.0, 0.9, 2.9, 
          3.5, 4.0, 5.2, 5.6, 6.3, 7.2, 7.8, 7.9, 9.2, 9.3, 10.2, 12.5, 13.5, 13.5, 14.6, 14.6, 
          16.3, 18.6, 20.9, 21.2, 5.1, 26.5, 27.8, 29.7, 30.4, 31.5, 35.2, 35.8, 43.8, 48.2, 
          48.5, 9.1, 8.2, 11.0, 0.9, 3.6, 3.9, 4.0, 5.1, 5.2, 5.2, 5.6, 5.6, 6.0, 6.4, 6.4, 6.4, 
          6.6, 6.6, 6.7, 6.8, 6.9, 7.0, 7.2, 7.2, 7.2, 7.7, 7.7, 7.7, 8.1, 8.4, 8.5, 9.6, 9.7,            9.7, 10.1, 10.1, 10.1, 10.9, 10.9, 11.0, 11.2, 11.2, 11.7, 12.7, 3.8, 14.0, 15.4, 15.5, 
          15.7, 16.4, 16.4, 16.4, 17.2, 17.4, 17.6, 18.2, 18.3, 18.8, 20.6, 21.5, 23.0, 24.9, 
          26.0, 26.1, 27.3, 27.8, 28.1, 28.7, 28.8, 28.9, 29.2, 29.7, 30.4, 31.5, 32.0, 32.2, 
          34.2, 35.1, 35.2, 36.2, 36.5, 37.8, 44.7, 45.0, 45.7, 29.8, 5.9, 46.0, 1.4, 4.6, 6.4, 
          8.5, 11.0, 13.5, 17.0, 22.4, 27.9, 31.5, 46.5, 6.1, 2.0, 4.7, 5.3, 6.0, 6.4, 6.8, 7.1, 
          7.3, 7.8, 9.0, 10.0, 10.5, 11.0, 12.2, 14.0, 15.9, 16.5, 17.7, 18.8, 23.4, 26.7, 28.3, 
          28.9, 31.1, 33.7, 35.2, 38.5, 46.3, 47.7, 25.5, 10.6, 2.0, 4.7, 6.8, 8.6, 11.2, 13.8, 
          17.7, 23.3, 29.0, 34.8, 47.8, 11.1, 2.9, 4.8, 5.6, 6.2, 6.4, 6.8, 7.1, 7.3, 7.9, 9.2, 
          10.1, 10.7, 11.2, 12.5, 14.3, 16.0, 17.0, 18.1, 19.4, 24.8, 27.2, 28.4, 29.2, 31.3, 
          33.8, 35.5, 42.5, 47.8)

#### Problem 2 ####
Miceprotein <- data.frame(ITSN1 = c(0.52, 0.84, 0.68, 0.38, 0.69, 0.48, 1.06, 0.86, 0.43, 0.75, 0.54, 0.80,
                                    0.79, 0.61, 0.73, 0.54, 0.69, 0.72, 0.37, 0.61, 0.64, 0.36, 0.85, 0.64, 
                                    0.67, 0.66, 0.55, 0.62, 0.68, 0.73, 0.67, 0.63, 0.59, 0.89, 0.52, 0.40,
                                    0.47, 0.47, 0.77, 0.85),                          
                          DYRK1A = c(0.30, 0.53, 0.41, 0.22, 0.47, 0.30, 0.93, 0.72, 0.29, 0.43, 0.30, 0.59,   
                                     0.53, 0.32, 0.44, 0.33, 0.63, 0.44, 0.21, 0.51, 0.42, 0.24, 0.52, 0.40,     
                                     0.48, 0.42, 0.34, 0.33, 0.37, 0.68, 0.48, 0.45, 0.42, 0.52, 0.36, 0.25, 
                                     0.30, 0.29, 0.53, 0.61))

#### Problem 3 ####
yeast <- data.frame(signal = c(0.48, 0.45, 0.55, 0.77, 0.28, 0.41, 0.51, 0.55, 0.56, 0.62, 0.53,  
                               0.61, 0.39, 0.41, 0.65, 0.71, 0.61, 0.63, 0.48, 0.41, 0.66, 0.48,  
                               0.69, 0.61, 0.46, 0.41, 0.57, 0.44, 0.38, 0.40, 0.21, 0.45, 0.66,  
                               0.47, 0.50, 0.56, 0.20, 0.54, 0.52, 0.38, 0.24, 0.45, 0.78, 0.48,  
                               0.42, 0.59, 0.46, 0.40, 0.54, 0.55, 0.46, 0.61, 0.33, 0.50, 0.21,  
                               0.59, 0.57, 0.38, 0.59, 0.32, 0.57, 0.48, 0.30, 0.50, 0.54, 0.43,  
                               0.37, 0.49, 0.49, 0.29, 0.65, 0.50, 0.43, 0.51, 0.49, 0.35, 0.57,  
                               0.49, 0.46, 0.39, 0.41, 0.39, 0.43, 0.39, 0.43, 0.46, 0.53, 0.39,  
                               0.36, 0.53, 0.38, 0.60, 0.22, 0.65, 0.52, 0.39, 0.50, 0.66, 0.47,  
                               0.41, 0.36, 0.39, 0.39, 0.31, 0.39, 0.49, 0.52, 0.49, 0.34, 0.35,  
                               0.38, 0.42, 0.35, 0.38, 0.49, 0.32, 0.31, 0.40, 0.46, 0.45, 0.54,  
                               0.63, 0.37, 0.55, 0.58, 0.43, 0.55, 0.36, 0.39, 0.51, 0.52, 0.66,  
                               0.47, 0.55, 0.65, 0.51, 0.63, 0.52, 0.55, 0.51, 0.72, 0.53, 0.53,  
                               0.55, 0.50, 0.51, 0.50, 0.72, 0.32, 0.64, 0.49, 0.56, 0.47, 0.47,  
                               0.53, 0.58, 0.63, 0.63, 0.49, 0.59, 0.57, 0.36, 0.51, 0.78, 0.50,  
                               0.39, 0.61, 0.45, 0.55, 0.58, 0.48, 0.45, 0.59, 0.52, 0.57, 0.55,  
                               0.26, 0.66, 0.46, 0.67, 0.59, 0.60, 0.57, 0.61, 0.44, 0.53, 0.52,  
                               0.55, 0.50, 0.68, 0.67, 0.58, 0.45, 0.50, 0.64, 0.50, 0.40, 0.45,  
                               0.41, 0.35, 0.51, 0.53, 0.50, 0.27, 0.23, 0.28, 0.36, 0.31, 0.49,  
                               0.50, 0.27, 0.60, 0.29, 0.47, 0.46, 0.55, 0.29, 0.48, 0.40, 0.23,  
                               0.48, 0.49, 0.53, 0.31, 0.49, 0.62, 0.33, 0.51, 0.40, 0.32, 0.33,  
                               0.32, 0.37, 0.61, 0.39, 0.34, 0.40, 0.49, 0.55, 0.51, 0.42, 0.28,  
                               0.63, 0.50, 0.44, 0.48, 0.36, 0.39, 0.47, 0.56, 0.44, 0.47, 0.36,  
                               0.29, 0.50, 0.47, 0.53, 0.43, 0.54, 0.60), 
                    protein = rep(c("CYT", "ME3", "MIT", "NUC"), each = 65))  
